23986027
24004644
24439361
24566687
24699899
39325854
51010235
51063643
51072748
51091058
51095478
51098299
51204329
51222973
51237842
51285052
51300176
51300241
51313767
51314158
51340662
51342504
51349914
51353393
51354083
51355912
51366423
51389629
51397332
51398392
51404808
51404810
51410964
51418856
51425031
51430311
51432529
51439005
51439763
51439874
51444283
51447754
51456629
51458922
51459425
51462020
51462839
51463930
51467676
51470300
51471144
51471920
51472817
51475593
51477231
51478931
51479907
51481240
51481591
51481788
51482266
51483631
51484222
51486017
51486667
51488863
51488944
51489536
51490331
51491420
51492251
51492929
51493009
51495412
51495492
51495706
51499761
51500063
51503182
51504872
51505436
51506324